21070012
1031429
162067148
48545806
31101391
128158708
72082328
119916949
88885069
64082730
33171947
63043890
9910070
293316452
26943368
259423244
1158416
334663683
207207782
100929604
1114768
493476042
335080779
16895215
2830437685
23705521
22850569
16652251
147180077
215751161
146134358
1180433861
97078419
17449820
323417812
31312357
2799053
489196035
52458643
55907562
100425940
188003914
207207025
32567578
416832622
1180419124
125013769
98346834
62720797
35292167
148791559
20573086
382880833
169444515
73791866
47697285
22546563
8795521
1323384
26011378
439984665
31765091
24487029
382881373
114385498
25308781
51352983
37816777
26769281
14671091
96079550
16641274
140484519
33337038
25740034
445115703
29844011
108149175
94794774
14462955
557057917
63692675
878889105
27477255
49493376
69226736
12908119
321346550
81154592
55909280
17999992
93136746
1340199684
97852103
562478132
215719463
136802867
74891545
23727705
17109706
583635712
23301681
321346616
228449574
416828455
158069180
209994352
13793866
161211371
17735316
144507154
250394771
16598513
2566024668
108158379
286524947
271015154
102617707
40893128
32199211
24485062
159229806
77443704
40493240
30371876
25308748
16385361
15731113
1744051187
23962538
12908164
9910420
638089422
44114667
14876573
14404355
1230409188
362032819
68603324
31046644
833772556
493477472
298084718
173783297
83704165
35686056
18482398
1678356850
102604869
69344107
24826614
22157971
568920951
362029620
346686597
124745913
461492845
402304782
1048338
64560136
638087256
398674241
156105465
25267538
16646369
416833339
2041982658
70437153
20908915
507795810
2015363653
439985494
100929295
22946161
493486164
27858560
21070350
2566015124
2830463943
568921483
88777059
2565909803
158068251
42846048
1425150624
241543974
169444030
36839669
689391156
323419455
4390888537
2830451846
65079090
61895706
57013875
55633111
323419816
105344365
1402447683
417458345
376805769
258184056
376805952
149594212
1119645320
32278729
73151293
15013006
2397732794
380201576
105344861
244160357
1778004652
